     0/272        0G      7.58      10.1         0      17.7        19       416         0         0         0         0      6.52      10.9         0
     1/272        0G      6.65      12.9         0      19.6        22       416         0         0         0         0      6.52        11         0
     2/272        0G      6.49      12.3         0      18.8        18       416         0         0         0         0      6.53        11         0
     3/272        0G      6.52      16.3         0      22.8        25       416         0         0         0         0      6.53        11         0
     4/272        0G      7.36      11.1         0      18.5        20       416         0         0         0         0      6.16      10.7         0
     5/272        0G      7.18      14.7         0      21.8        27       416         0         0         0         0      6.22      10.7         0
     6/272        0G      6.73       9.3         0        16        16       416         0         0         0         0      6.27      10.7         0
     7/272        0G      7.49        12         0      19.5        22       416         0         0         0         0      6.32      10.7         0
     8/272        0G      6.28      14.1         0      20.3        24       416         0         0         0         0      7.24      10.3         0
     9/272        0G      7.17      8.72         0      15.9        20       416         0         0         0         0      7.25      10.3         0
    10/272        0G      7.02        13         0        20        30       416         0         0         0         0      7.31      10.3         0
    11/272        0G      5.87      10.4         0      16.3        20       416         0         0         0         0      7.31      10.3         0
    12/272        0G      6.99      16.6         0      23.6        30       416         0         0         0         0      6.09      9.79         0
    13/272        0G      4.66       7.2         0      11.9        13       416         0         0         0         0      6.03      9.76         0
    14/272        0G      6.03      10.2         0      16.2        25       416         0         0         0         0         6      9.75         0
    15/272        0G      5.98        15         0        21        26       416         0         0         0         0      5.98      9.75         0
    16/272        0G      6.72      10.7         0      17.4        18       416         0         0         0         0      5.24      9.19         0
    17/272        0G      5.69      10.6         0      16.3        26       416         0         0         0         0      5.15       9.2         0
    18/272        0G      5.86      12.5         0      18.4        30       416         0         0         0         0      5.05      9.19         0
    19/272        0G      5.24      10.5         0      15.8        23       416         0         0         0         0      5.02       9.2         0
    20/272        0G      4.58      8.32         0      12.9        18       416      0.25    0.0833     0.085     0.125      5.73      8.47         0
    21/272        0G      6.22      10.9         0      17.1        21       416         0         0         0         0      5.73      8.47         0
    22/272        0G      5.94      6.57         0      12.5        17       416         0         0         0         0      5.71      8.46         0
    23/272        0G      6.08      8.52         0      14.6        19       416         0         0         0         0      5.68      8.46         0
    24/272        0G      6.35      6.59         0      12.9        13       416       0.2      0.25     0.167     0.222      5.57      7.79         0
    25/272        0G      5.87      8.02         0      13.9        21       416     0.267     0.333     0.285     0.296      5.53      7.76         0
    26/272        0G      5.92      8.53         0      14.5        21       416     0.267     0.333     0.285     0.296      5.48      7.76         0
    27/272        0G      5.72      6.17         0      11.9        16       416     0.267     0.333     0.285     0.296       5.5      7.76         0
    28/272        0G      5.85        11         0      16.8        24       416     0.152     0.417     0.196     0.222      4.93      7.29         0
    29/272        0G      5.44      4.99         0      10.4        15       416     0.167     0.417     0.197     0.238      4.98       7.3         0
    30/272        0G      3.57      10.1         0      13.7        20       416     0.156     0.417     0.202     0.227      4.92      7.32         0
    31/272        0G      5.31      12.7         0        18        32       416     0.138     0.333     0.205     0.195      4.92      7.33         0
    32/272        0G      4.81      8.77         0      13.6        20       416     0.122       0.5     0.364     0.197      4.03       7.2         0
    33/272        0G      4.92      7.11         0        12        18       416     0.122       0.5     0.348     0.197         4      7.19         0
    34/272        0G      4.75      9.28         0        14        23       416     0.118       0.5     0.204      0.19      3.99      7.17         0
    35/272        0G      5.49      10.6         0      16.1        27       416     0.125       0.5     0.216       0.2      3.98      7.15         0
    36/272        0G      4.29      10.6         0      14.9        27       416     0.107       0.5      0.37     0.176      5.01      7.47         0
    37/272        0G      5.05      7.13         0      12.2        16       416     0.103       0.5     0.353     0.171      4.96      7.49         0
    38/272        0G      5.94      6.85         0      12.8        21       416     0.103       0.5     0.342     0.171      4.93      7.49         0
    39/272        0G      4.14      6.85         0        11        19       416       0.1       0.5     0.335     0.167      4.88      7.45         0
    40/272        0G      5.78      9.42         0      15.2        27       416     0.179     0.833     0.467     0.294      4.15      7.35         0
    41/272        0G      5.19      7.47         0      12.7        19       416     0.164      0.75     0.441     0.269      4.13      7.39         0
    42/272        0G      4.76       9.6         0      14.4        25       416     0.151     0.667     0.414     0.246       4.1       7.3         0
    43/272        0G      4.92      9.33         0      14.3        27       416      0.18      0.75     0.416      0.29      4.05      7.19         0
    44/272        0G      4.65      7.67         0      12.3        22       416       0.2     0.833     0.508     0.323      3.54         7         0
    45/272        0G      4.37      5.83         0      10.2        18       416      0.17      0.75     0.455     0.277      3.58      7.06         0
    46/272        0G      4.01      6.71         0      10.7        17       416     0.182     0.833     0.465     0.299      3.59      7.12         0
    47/272        0G      5.02       7.3         0      12.3        21       416     0.164      0.75     0.431     0.269      3.68      7.17         0
    48/272        0G      4.73      7.99         0      12.7        24       416     0.189     0.833     0.478     0.308      4.19      6.63         0
    49/272        0G      5.01      6.42         0      11.4        15       416     0.173      0.75     0.456     0.281      4.14      6.67         0
    50/272        0G      3.74      6.55         0      10.3        15       416       0.2     0.833      0.48     0.323       4.1      6.63         0
    51/272        0G      4.61      6.66         0      11.3        19       416     0.176      0.75     0.464     0.286      4.05      6.61         0
    52/272        0G      5.08      8.33         0      13.4        24       416      0.18      0.75     0.467      0.29      3.46      6.05         0
    53/272        0G      5.28      10.1         0      15.3        28       416     0.157     0.667     0.388     0.254      3.43      6.02         0
    54/272        0G      4.79      6.39         0      11.2        19       416     0.137     0.583     0.328     0.222      3.43      6.08         0
    55/272        0G      4.47      7.02         0      11.5        21       416     0.154     0.667     0.378      0.25      3.44      6.08         0
    56/272        0G      4.88      5.71         0      10.6        17       416     0.154     0.667     0.474      0.25      4.27      5.87         0
    57/272        0G      5.29      7.15         0      12.4        20       416     0.167      0.75     0.498     0.273      4.25      5.87         0
    58/272        0G      5.62      5.41         0        11        11       416     0.176      0.75     0.494     0.286      4.26       5.9         0
    59/272        0G      4.84      7.22         0      12.1        19       416     0.184      0.75     0.493     0.295      4.24      5.92         0
    60/272        0G      4.79      7.95         0      12.7        24       416     0.173      0.75     0.492     0.281      3.87      5.73         0
    61/272        0G      4.15      7.88         0        12        25       416     0.176      0.75       0.5     0.286      3.83      5.73         0
    62/272        0G      4.66      6.22         0      10.9        19       416     0.176      0.75      0.48     0.286      3.81      5.72         0
    63/272        0G      5.39      8.52         0      13.9        23       416     0.176      0.75     0.483     0.286      3.81      5.75         0
    64/272        0G      3.99      7.14         0      11.1        23       416     0.173      0.75     0.613     0.281      3.35      5.64         0
    65/272        0G      4.58      5.14         0      9.72        14       416      0.17      0.75     0.625     0.277      3.38      5.66         0
    66/272        0G      4.79      8.19         0        13        28       416     0.189     0.833     0.601     0.308      3.36      5.66         0
    67/272        0G      5.21      6.67         0      11.9        19       416     0.189     0.833     0.613     0.308      3.35      5.65         0
    68/272        0G      4.38      8.17         0      12.5        20       416     0.185     0.833     0.654     0.303      3.33      5.58         0
    69/272        0G      4.31      3.73         0      8.04        13       416     0.179     0.833     0.636     0.294      3.35      5.59         0
    70/272        0G      4.76      8.42         0      13.2        24       416     0.185     0.833     0.623     0.303      3.34      5.61         0
    71/272        0G       4.9      5.63         0      10.5        14       416     0.182     0.833     0.619     0.299      3.33      5.63         0
    72/272        0G      4.63      7.46         0      12.1        22       416       0.2     0.833     0.606     0.323      3.96      5.57         0
    73/272        0G      3.44      4.73         0      8.17        13       416     0.196     0.833     0.606     0.317      3.93      5.59         0
    74/272        0G      4.32      6.85         0      11.2        19       416       0.2     0.833     0.559     0.323      3.91      5.62         0
    75/272        0G      3.67      6.38         0        10        16       416       0.2     0.833     0.567     0.323      3.88      5.63         0
    76/272        0G      3.81      6.22         0        10        18       416     0.212     0.917     0.546     0.344       3.6      5.56         0
    77/272        0G      4.44      4.24         0      8.67        14       416     0.212     0.917     0.564     0.344      3.63      5.57         0
    78/272        0G       4.9      6.81         0      11.7        23       416     0.212     0.917     0.541     0.344      3.66      5.57         0
    79/272        0G      4.26       5.5         0      9.76        17       416     0.224     0.917     0.549     0.361      3.68      5.58         0
    80/272        0G      4.39      6.88         0      11.3        22       416     0.239     0.917     0.528     0.379      3.36      5.45         0
    81/272        0G      3.72      5.39         0       9.1        20       416     0.244     0.917     0.548     0.386      3.33      5.43         0
    82/272        0G      3.98      8.97         0      12.9        30       416     0.244     0.917     0.615     0.386       3.3      5.43         0
    83/272        0G      4.45      6.08         0      10.5        19       416     0.239     0.917     0.621     0.379      3.29      5.43         0
    84/272        0G      4.47      6.92         0      11.4        24       416      0.25     0.917     0.597     0.393      3.68      5.26         0
    85/272        0G      4.57      5.58         0      10.1        21       416     0.256     0.917     0.641       0.4      3.67      5.25         0
    86/272        0G      4.08      5.28         0      9.36        17       416     0.239     0.917     0.708     0.379      3.64      5.26         0
    87/272        0G      4.32      4.51         0      8.83        16       416     0.244     0.917      0.69     0.386      3.62      5.27         0
    88/272        0G      4.26      5.72         0      9.98        25       416     0.208     0.833     0.679     0.333      3.14      5.13         0
    89/272        0G      4.02       4.9         0      8.93        17       416      0.22     0.917     0.689     0.355      3.12      5.16         0
    90/272        0G      2.84      6.72         0      9.56        22       416     0.234     0.917     0.698     0.373       3.1      5.15         0
    91/272        0G      3.55      3.96         0      7.51        12       416     0.208     0.833     0.673     0.333      3.11      5.17         0
    92/272        0G      4.85      6.01         0      10.9        19       416     0.204     0.833      0.69     0.328      3.98      5.05         0
    93/272        0G      4.16       6.2         0      10.4        20       416     0.208     0.833     0.697     0.333      3.97      5.05         0
    94/272        0G      4.49      4.62         0      9.11        15       416     0.208     0.833     0.689     0.333      3.96      5.05         0
    95/272        0G      5.07      7.57         0      12.6        27       416     0.208     0.833      0.69     0.333      3.96      5.04         0
    96/272        0G      4.22      5.75         0      9.97        21       416     0.244     0.917     0.724     0.386      3.28      4.96         0
    97/272        0G      4.35      5.69         0        10        22       416     0.244     0.917     0.708     0.386      3.25      4.96         0
    98/272        0G      4.66      6.26         0      10.9        20       416     0.227     0.833     0.683     0.357      3.24      4.96         0
    99/272        0G      4.21      5.41         0      9.61        17       416     0.244     0.917     0.706     0.386      3.22      4.98         0
   100/272        0G       4.7      5.51         0      10.2        21       416      0.25     0.917     0.717     0.393         3      4.92         0
   101/272        0G      4.49      6.92         0      11.4        27       416     0.244     0.917     0.711     0.386      3.03      4.93         0
   102/272        0G      3.68      4.29         0      7.97        14       416     0.244     0.917     0.715     0.386      3.06      4.94         0
   103/272        0G      4.45      7.01         0      11.5        27       416     0.239     0.917      0.72     0.379      3.07      4.94         0
   104/272        0G       3.3      4.08         0      7.38        13       416      0.22      0.75     0.616      0.34      3.28      4.86         0
   105/272        0G      4.05       5.7         0      9.75        20       416      0.22      0.75     0.616      0.34      3.25      4.85         0
   106/272        0G      4.36       6.6         0        11        25       416     0.231      0.75     0.627     0.353      3.23      4.84         0
   107/272        0G      4.16      6.65         0      10.8        19       416      0.22      0.75     0.618      0.34      3.22      4.85         0
   108/272        0G      3.54      5.48         0      9.02        20       416      0.25     0.833     0.693     0.385      2.94      4.76         0
   109/272        0G      4.18      4.63         0      8.81        19       416     0.256     0.833     0.686     0.392      2.95      4.75         0
   110/272        0G      5.54      5.71         0      11.2        21       416      0.25     0.833     0.685     0.385      2.94      4.77         0
   111/272        0G      2.45       4.5         0      6.94        13       416      0.25     0.833     0.685     0.385      2.95      4.78         0
   112/272        0G      4.24      8.89         0      13.1        28       416     0.289     0.917     0.728      0.44       3.2      4.64         0
   113/272        0G      3.76      3.63         0      7.39        14       416     0.289     0.917     0.763      0.44      3.18      4.65         0
   114/272        0G      3.81      4.06         0      7.87        16       416     0.282     0.917     0.705     0.431      3.17      4.66         0
   115/272        0G      3.49      7.41         0      10.9        30       416     0.263     0.833     0.655       0.4      3.13      4.64         0
   116/272        0G      3.49      3.92         0       7.4        19       416      0.27     0.833     0.708     0.408      2.81      4.53         0
   117/272        0G      2.46      4.31         0      6.77        13       416      0.27     0.833     0.705     0.408      2.82      4.54         0
   118/272        0G      4.83      4.45         0      9.28        15       416      0.27     0.833     0.708     0.408      2.82      4.55         0
